0.99607843
0.0
0.0
0.99607843
0.0
0.0
0.99607843
0.0
0.0
0.99607843
0.0
0.0
0.99607843
0.0
0.0
0.99607843
0.0
0.0
0.99607843
0.0
0.0
0.99607843
0.0
0.0
0.99607843
0.0
0.0
0.99607843
0.0
0.0
0.99607843
0.0
0.0
0.99607843
0.0
0.0
0.99607843
0.0
0.0
0.99607843
0.0
0.0
0.99607843
0.0
0.0
0.99607843
0.0
0.0
0.99607843
0.0
0.0
0.99607843
0.0
0.0
0.99607843
0.0
0.0
0.99607843
0.0
0.0
0.99607843
0.0
0.0
0.99607843
0.0
0.0
0.99607843
0.0
0.0
0.99607843
0.0
0.0
0.99607843
0.0
0.0
0.99607843
0.0
0.0
0.99607843
0.0
0.0
0.99607843
0.0
0.0
0.99607843
0.0
0.0
0.99607843
0.0
0.0
0.99607843
0.0
0.0
0.99607843
0.0
0.0
0.99607843
0.0
0.0
0.99607843
0.0
0.0
0.99607843
0.0
0.0
0.99607843
0.0
0.0
0.99607843
0.0
0.0
0.99607843
0.0
0.0
0.99607843
0.0
0.0
0.99607843
0.0
0.0
0.99607843
0.0
0.0
0.99607843
0.0
0.0
0.99607843
0.0
0.0
0.99607843
0.0
0.0
0.99607843
0.0
0.0
0.99607843
0.0
0.0
0.99607843
0.0
0.0
0.99607843
0.0
0.0
0.99607843
0.0
0.0
0.99607843
0.0
0.0
0.99607843
0.0
0.0
0.99607843
0.0
0.0
0.99607843
0.0
0.0
0.99607843
0.0
0.0
0.99607843
0.0
0.0
0.99607843
0.0
0.0
0.99607843
0.0
0.0
0.99607843
0.0
0.0
0.99607843
0.0
0.0
0.99607843
0.0
0.0
0.99607843
0.0
0.0
0.99607843
0.0
0.0
0.99607843
0.0
0.0
0.99607843
0.0
0.0
0.99607843
0.0
0.0
0.99607843
0.0
0.0
0.99607843
0.0
0.0
0.99607843
0.0
0.0
0.99607843
0.0
0.0
0.99607843
0.0
0.0
0.99607843
0.0
0.0
0.99607843
0.0
0.0
0.99607843
0.0
0.0
0.99607843
0.0
0.0
0.99607843
0.0
0.0
0.99607843
0.0
0.0
0.99607843
0.0
0.0
0.99607843
0.0
0.0
0.99607843
0.0
0.0
0.99607843
0.0
0.0
0.99607843
0.0
0.0
0.99607843
0.0
0.0
0.99607843
0.0
0.0
0.99607843
0.0
0.0
0.99607843
0.0
0.0
0.99607843
0.0
0.0
0.99607843
0.0
0.0
0.99607843
0.0
0.0
0.99607843
0.0
0.0
0.99607843
0.0
0.0
0.99607843
0.0
0.0
0.99607843
0.0
0.0
0.99607843
0.0
0.0
0.99607843
0.0
0.0
0.99607843
0.0
0.0
0.99607843
0.0
0.0
0.99607843
0.0
0.0
0.99607843
0.0
0.0
0.99607843
0.0
0.0
0.99607843
0.0
0.0
0.99607843
0.0
0.0
0.99607843
0.0
0.0
0.99607843
0.0
0.0
0.99607843
0.0
0.0
0.99607843
0.0
0.0
0.99607843
0.0
0.0
0.99607843
0.0
0.0
0.99607843
0.0
0.0
0.99607843
0.0
0.0
0.99607843
0.0
0.0
0.99607843
0.0
0.0
0.99607843
0.0
0.0
0.99607843
0.0
0.0
0.99607843
0.0
0.0
0.99607843
0.0
0.0
0.99607843
0.0
0.0
0.99607843
0.0
0.0
0.99607843
0.0
0.0
0.99607843
0.0
0.0
0.99607843
0.0
0.0
0.99607843
0.0
0.0
0.99607843
0.0
0.0
0.99607843
0.0
0.0
0.99607843
0.0
0.0
0.99607843
0.0
0.0
0.99607843
0.0
0.0
0.99607843
0.0
0.0
0.99607843
0.0
0.0
0.99607843
0.0
0.0
0.99607843
0.0
0.0
0.99607843
0.0
0.0
0.99607843
0.0
0.0
0.99607843
0.0
0.0
0.99607843
0.0
0.0
0.99607843
0.0
0.0
0.99607843
0.0
0.0
0.99607843
0.0
0.0
0.99607843
0.0
0.0
0.99607843
0.0
0.0
0.99607843
0.0
0.0
0.99607843
0.0
0.0
0.99607843
0.0
0.0
0.99607843
0.0
0.0
0.99607843
0.0
0.0
0.99607843
0.0
0.0
0.99607843
0.0
0.0
0.99607843
0.0
0.0
0.99607843
0.0
0.0
0.99607843
0.0
0.0
0.99607843
0.0
0.0
0.99607843
0.0
0.0
0.99607843
0.0
0.0
0.99607843
0.0
0.0
0.99607843
0.0
0.0
0.99607843
0.0
0.0
0.99607843
0.0
0.0
0.99607843
0.0
0.0
0.99607843
0.0
0.0
0.99607843
0.0
0.0
0.99607843
0.0
0.0
0.99607843
0.0
0.0
0.99607843
0.0
0.0
0.99607843
0.0
0.0
0.99607843
0.0
0.0
0.99607843
0.0
0.0
0.99607843
0.0
0.0
0.99607843
0.0
0.0
0.99607843
0.0
0.0
0.99607843
0.0
0.0
0.99607843
0.0
0.0
0.99607843
0.0
0.0
0.9921568
0.0
0.0
0.9882353
0.0
0.0
0.9882353
0.0
0.0
0.9843137
0.0
0.0
0.99607843
0.0
0.0
0.9882353
0.0
0.0
0.99607843
0.0
0.0
0.99607843
0.0
0.0
0.99607843
0.0
0.0
0.99607843
0.0
0.0
0.99607843
0.0
0.0
0.99607843
0.0
0.0
0.99607843
0.0
0.0
0.99607843
0.0
0.0
0.99607843
0.0
0.0
0.99607843
0.0
0.0
0.98039216
0.0
0.0
0.9647059
0.0
0.0
0.96862745
0.0
0.0
0.99607843
0.0
0.0
0.99607843
0.0
0.0
0.99607843
0.0
0.0
0.99607843
0.0
0.0
0.99607843
0.0
0.0
0.99607843
0.0
0.0
0.99607843
0.0
0.0
0.99607843
0.0
0.0
0.99607843
0.0
0.0
0.9882353
0.0
0.0
0.9490196
0.0
0.0
0.8039216
0.0
0.0
0.80784315
0.0
0.0
0.96078426
0.0
0.0
0.972549
0.0
0.0
0.99607843
0.0
0.0
0.99607843
0.0
0.0
0.99607843
0.0
0.0
0.99607843
0.0
0.0
0.99607843
0.0
0.0
0.99607843
0.0
0.0
0.99607843
0.0
0.0
0.99607843
0.0
0.0
0.99607843
0.0
0.0
0.90588236
0.0
0.0
0.03137255
0.0
0.0
0.015686275
0.0
0.0
0.5294118
0.0
0.0
0.98039216
0.0
0.0
0.99607843
0.0
0.0
0.99607843
0.0
0.0
0.99607843
0.0
0.0
0.99607843
0.0
0.0
0.99607843
0.0
0.0
0.99607843
0.0
0.0
0.99607843
0.0
0.0
0.9843137
0.0
0.0
0.9176471
0.0
0.0
0.043137256
0.0
0.0
0.08627451
0.0
0.0
0.03137255
0.0
0.0
0.019607844
0.0
0.0
0.4117647
0.0
0.0
0.9843137
0.0
0.0
0.97647053
0.0
0.0
0.9882353
0.0
0.0
0.9882353
0.0
0.0
0.9921568
0.0
0.0
0.9921568
0.0
0.0
0.9921568
0.0
0.0
0.99607843
0.0
0.0
0.96078426
0.0
0.0
0.058823526
0.0
0.0
0.8
0.0
0.0
0.95686275
0.0
0.0
0.015686275
0.0
0.0
0.12941177
0.0
0.0
0.972549
0.0
0.0
0.9843137
0.0
0.0
0.99607843
0.0
0.0
0.99607843
0.0
0.0
0.99607843
0.0
0.0
0.99607843
0.0
0.0
0.99607843
0.0
0.0
0.9882353
0.0
0.0
0.28627452
0.0
0.0
0.15294118
0.0
0.0
0.9647059
0.0
0.0
0.99607843
0.0
0.0
0.8784313
0.0
0.0
0.047058824
0.0
0.0
0.79607844
0.0
0.0
0.027450979
0.0
0.0
0.007843138
0.0
0.0
0.003921569
0.0
0.0
0.003921569
0.0
0.0
0.003921569
0.0
0.0
0.003921569
0.0
0.0
0.027450979
0.0
0.0
0.011764706
0.0
0.0
0.019607844
0.0
0.0
0.35686275
0.0
0.0
0.98039216
0.0
0.0
0.96862745
0.0
0.0
0.16862746
0.0
0.0
0.14901961
0.0
0.0
0.9490196
0.0
0.0
0.9921568
0.0
0.0
0.99607843
0.0
0.0
0.99607843
0.0
0.0
0.99607843
0.0
0.0
0.99607843
0.0
0.0
0.9843137
0.0
0.0
0.007843138
0.0
0.0
0.9529411
0.0
0.0
0.97647053
0.0
0.0
0.96078426
0.0
0.0
0.9137255
0.0
0.0
0.027450979
0.0
0.0
0.08627451
0.0
0.0
0.8470588
0.0
0.0
0.99607843
0.0
0.0
0.9921568
0.0
0.0
0.99607843
0.0
0.0
0.99607843
0.0
0.0
0.99607843
0.0
0.0
0.9921568
0.0
0.0
0.9098039
0.0
0.0
0.050980393
0.0
0.0
0.3647059
0.0
0.0
0.98039216
0.0
0.0
0.95686275
0.0
0.0
0.9882353
0.0
0.0
0.011764706
0.0
0.0
0.9921568
0.0
0.0
0.9921568
0.0
0.0
0.99607843
0.0
0.0
0.99607843
0.0
0.0
0.99607843
0.0
0.0
0.99607843
0.0
0.0
0.9882353
0.0
0.0
0.0
0.0
0.0
0.9921568
0.0
0.0
0.98039216
0.0
0.0
0.92941177
0.0
0.0
0.015686275
0.0
0.0
0.28235295
0.0
0.0
0.97647053
0.0
0.0
0.93725485
0.0
0.0
0.9921568
0.0
0.0
0.99607843
0.0
0.0
0.9882353
0.0
0.0
0.99607843
0.0
0.0
0.99607843
0.0
0.0
0.9921568
0.0
0.0
0.97647053
0.0
0.0
0.95686275
0.0
0.0
0.0
0.0
0.0
0.95686275
0.0
0.0
0.98039216
0.0
0.0
0.98039216
0.0
0.0
0.007843138
0.0
0.0
0.9843137
0.0
0.0
0.99607843
0.0
0.0
0.99607843
0.0
0.0
0.99607843
0.0
0.0
0.99607843
0.0
0.0
0.99607843
0.0
0.0
0.9529411
0.0
0.0
0.039215688
0.0
0.0
0.972549
0.0
0.0
0.95686275
0.0
0.0
0.14901961
0.0
0.0
0.27450982
0.0
0.0
0.9882353
0.0
0.0
0.9882353
0.0
0.0
0.9921568
0.0
0.0
0.972549
0.0
0.0
0.043137256
0.0
0.0
0.9843137
0.0
0.0
0.9921568
0.0
0.0
0.9921568
0.0
0.0
0.9921568
0.0
0.0
0.99607843
0.0
0.0
0.96078426
0.0
0.0
0.2901961
0.0
0.0
0.4745098
0.0
0.0
0.96862745
0.0
0.0
0.95686275
0.0
0.0
0.015686275
0.0
0.0
0.9843137
0.0
0.0
0.99607843
0.0
0.0
0.99607843
0.0
0.0
0.99607843
0.0
0.0
0.99607843
0.0
0.0
0.99607843
0.0
0.0
0.98039216
0.0
0.0
0.0
0.0
0.0
0.6156863
0.0
0.0
0.9529411
0.0
0.0
0.039215688
0.0
0.0
0.99607843
0.0
0.0
0.97647053
0.0
0.0
0.99607843
0.0
0.0
0.99607843
0.0
0.0
0.96862745
0.0
0.0
0.019607844
0.0
0.0
0.9647059
0.0
0.0
0.9921568
0.0
0.0
0.9921568
0.0
0.0
0.99607843
0.0
0.0
0.99607843
0.0
0.0
0.96862745
0.0
0.0
0.8470588
0.0
0.0
0.043137256
0.0
0.0
0.9843137
0.0
0.0
0.9411764
0.0
0.0
0.027450979
0.0
0.0
0.9529411
0.0
0.0
0.99607843
0.0
0.0
0.99607843
0.0
0.0
0.99607843
0.0
0.0
0.99607843
0.0
0.0
0.99607843
0.0
0.0
0.9843137
0.0
0.0
0.93333334
0.0
0.0
0.03137255
0.0
0.0
0.13333334
0.0
0.0
0.007843138
0.0
0.0
0.9882353
0.0
0.0
0.9647059
0.0
0.0
0.99607843
0.0
0.0
0.99607843
0.0
0.0
0.9882353
0.0
0.0
0.0
0.0
0.0
0.9843137
0.0
0.0
0.9882353
0.0
0.0
0.9882353
0.0
0.0
1.0
0.0
0.0
1.0
0.0
0.0
1.0
0.0
0.0
0.8509804
0.0
0.0
0.03137255
0.0
0.0
0.2509804
0.0
0.0
0.007843138
0.0
0.0
0.6313726
0.0
0.0
0.99607843
0.0
0.0
0.9921568
0.0
0.0
0.9921568
0.0
0.0
0.99607843
0.0
0.0
0.99607843
0.0
0.0
0.99607843
0.0
0.0
0.9843137
0.0
0.0
0.9843137
0.0
0.0
0.8980392
0.0
0.0
0.5921569
0.0
0.0
0.11764705
0.0
0.0
0.972549
0.0
0.0
0.972549
0.0
0.0
0.99607843
0.0
0.0
0.99607843
0.0
0.0
0.9843137
0.0
0.0
0.007843138
0.0
0.0
0.96862745
0.0
0.0
0.9921568
0.0
0.0
0.9921568
0.0
0.0
0.99607843
0.0
0.0
0.99607843
0.0
0.0
1.0
0.0
0.0
0.85882354
0.0
0.0
0.03137255
0.0
0.0
0.03529412
0.0
0.0
0.92941177
0.0
0.0
0.95686275
0.0
0.0
0.98039216
0.0
0.0
0.99607843
0.0
0.0
0.99607843
0.0
0.0
0.99607843
0.0
0.0
0.99607843
0.0
0.0
0.99607843
0.0
0.0
0.99607843
0.0
0.0
0.99607843
0.0
0.0
0.98039216
0.0
0.0
0.6901961
0.0
0.0
0.109803915
0.0
0.0
0.9882353
0.0
0.0
0.99607843
0.0
0.0
0.99607843
0.0
0.0
0.99607843
0.0
0.0
0.8862745
0.0
0.0
0.0
0.0
0.0
0.97647053
0.0
0.0
0.9921568
0.0
0.0
0.9921568
0.0
0.0
0.99607843
0.0
0.0
0.99607843
0.0
0.0
0.97647053
0.0
0.0
0.7176471
0.0
0.0
0.050980393
0.0
0.0
0.9882353
0.0
0.0
0.98039216
0.0
0.0
0.9921568
0.0
0.0
0.9921568
0.0
0.0
1.0
0.0
0.0
1.0
0.0
0.0
0.99607843
0.0
0.0
0.99607843
0.0
0.0
0.99607843
0.0
0.0
0.99607843
0.0
0.0
0.99607843
0.0
0.0
0.99607843
0.0
0.0
0.69803923
0.0
0.0
0.1254902
0.0
0.0
0.99607843
0.0
0.0
0.99607843
0.0
0.0
0.99607843
0.0
0.0
0.99607843
0.0
0.0
0.23921569
0.0
0.0
0.48235294
0.0
0.0
0.99607843
0.0
0.0
0.9843137
0.0
0.0
0.972549
0.0
0.0
0.93725485
0.0
0.0
0.9529411
0.0
0.0
0.97647053
0.0
0.0
0.19607843
0.0
0.0
0.63529414
0.0
0.0
0.97647053
0.0
0.0
0.9921568
0.0
0.0
0.99607843
0.0
0.0
0.99607843
0.0
0.0
0.99607843
0.0
0.0
0.99607843
0.0
0.0
0.99607843
0.0
0.0
0.99607843
0.0
0.0
0.99607843
0.0
0.0
0.99607843
0.0
0.0
0.99607843
0.0
0.0
0.99607843
0.0
0.0
0.69803923
0.0
0.0
0.13725491
0.0
0.0
0.99607843
0.0
0.0
0.99607843
0.0
0.0
0.99607843
0.0
0.0
0.99607843
0.0
0.0
0.15686275
0.0
0.0
0.011764706
0.0
0.0
0.023529412
0.0
0.0
0.039215688
0.0
0.0
0.015686275
0.0
0.0
0.015686275
0.0
0.0
0.22745098
0.0
0.0
0.9882353
0.0
0.0
0.09019608
0.0
0.0
0.78431374
0.0
0.0
0.99607843
0.0
0.0
0.9921568
0.0
0.0
0.99607843
0.0
0.0
0.99607843
0.0
0.0
0.99607843
0.0
0.0
0.99607843
0.0
0.0
0.99607843
0.0
0.0
0.99607843
0.0
0.0
0.99607843
0.0
0.0
0.99607843
0.0
0.0
0.99607843
0.0
0.0
0.99607843
0.0
0.0
0.7058824
0.0
0.0
0.09803922
0.0
0.0
0.99607843
0.0
0.0
0.99607843
0.0
0.0
0.99607843
0.0
0.0
0.99607843
0.0
0.0
0.9921568
0.0
0.0
0.95686275
0.0
0.0
0.945098
0.0
0.0
0.945098
0.0
0.0
0.92156863
0.0
0.0
0.95686275
0.0
0.0
0.9882353
0.0
0.0
0.9647059
0.0
0.0
0.015686275
0.0
0.0
0.972549
0.0
0.0
0.99607843
0.0
0.0
0.99607843
0.0
0.0
0.99607843
0.0
0.0
0.99607843
0.0
0.0
0.99607843
0.0
0.0
0.99607843
0.0
0.0
0.99607843
0.0
0.0
0.99607843
0.0
0.0
0.99607843
0.0
0.0
0.99607843
0.0
0.0
0.99607843
0.0
0.0
0.99607843
0.0
0.0
0.90588236
0.0
0.0
0.015686275
0.0
0.0
0.9921568
0.0
0.0
0.9882353
0.0
0.0
0.99607843
0.0
0.0
0.99607843
0.0
0.0
0.97647053
0.0
0.0
0.9882353
0.0
0.0
0.9921568
0.0
0.0
0.972549
0.0
0.0
0.98039216
0.0
0.0
0.97647053
0.0
0.0
0.9843137
0.0
0.0
0.9254902
0.0
0.0
0.039215688
0.0
0.0
0.9647059
0.0
0.0
0.99607843
0.0
0.0
0.99607843
0.0
0.0
0.99607843
0.0
0.0
0.99607843
0.0
0.0
0.99607843
0.0
0.0
0.99607843
0.0
0.0
0.99607843
0.0
0.0
0.99607843
0.0
0.0
0.99607843
0.0
0.0
0.99607843
0.0
0.0
0.99607843
0.0
0.0
0.99607843
0.0
0.0
0.9529411
0.0
0.0
0.023529412
0.0
0.0
0.81960785
0.0
0.0
0.9882353
0.0
0.0
0.99607843
0.0
0.0
0.99607843
0.0
0.0
0.99607843
0.0
0.0
0.99607843
0.0
0.0
0.99607843
0.0
0.0
0.9882353
0.0
0.0
0.9843137
0.0
0.0
0.9843137
0.0
0.0
0.9647059
0.0
0.0
0.082352936
0.0
0.0
0.30980393
0.0
0.0
0.9843137
0.0
0.0
0.9921568
0.0
0.0
0.9921568
0.0
0.0
0.99607843
0.0
0.0
0.99607843
0.0
0.0
0.99607843
0.0
0.0
0.99607843
0.0
0.0
0.99607843
0.0
0.0
0.99607843
0.0
0.0
0.99607843
0.0
0.0
0.99607843
0.0
0.0
0.99607843
0.0
0.0
0.99607843
0.0
0.0
0.97647053
0.0
0.0
0.7137255
0.0
0.0
0.07058824
0.0
0.0
0.98039216
0.0
0.0
0.99607843
0.0
0.0
0.99607843
0.0
0.0
0.99607843
0.0
0.0
0.9921568
0.0
0.0
0.99607843
0.0
0.0
0.972549
0.0
0.0
0.9882353
0.0
0.0
0.98039216
0.0
0.0
0.082352936
0.0
0.0
0.058823526
0.0
0.0
0.9882353
0.0
0.0
0.98039216
0.0
0.0
0.99607843
0.0
0.0
0.99607843
0.0
0.0
0.99607843
0.0
0.0
0.99607843
0.0
0.0
0.99607843
0.0
0.0
0.99607843
0.0
0.0
0.99607843
0.0
0.0
0.99607843
0.0
0.0
0.99607843
0.0
0.0
0.99607843
0.0
0.0
0.99607843
0.0
0.0
0.99607843
0.0
0.0
0.9882353
0.0
0.0
0.93333334
0.0
0.0
0.12156863
0.0
0.0
0.058823526
0.0
0.0
0.6313726
0.0
0.0
0.98039216
0.0
0.0
0.972549
0.0
0.0
0.99607843
0.0
0.0
0.99607843
0.0
0.0
0.9843137
0.0
0.0
0.9647059
0.0
0.0
0.058823526
0.0
0.0
0.11764705
0.0
0.0
0.97647053
0.0
0.0
0.9921568
0.0
0.0
0.9921568
0.0
0.0
0.99607843
0.0
0.0
0.99607843
0.0
0.0
0.99607843
0.0
0.0
0.99607843
0.0
0.0
0.99607843
0.0
0.0
0.99607843
0.0
0.0
0.99607843
0.0
0.0
0.99607843
0.0
0.0
0.99607843
0.0
0.0
0.99607843
0.0
0.0
0.99607843
0.0
0.0
0.99607843
0.0
0.0
0.9921568
0.0
0.0
0.9882353
0.0
0.0
0.9921568
0.0
0.0
0.78431374
0.0
0.0
0.109803915
0.0
0.0
0.003921569
0.0
0.0
0.007843138
0.0
0.0
0.015686275
0.0
0.0
0.019607844
0.0
0.0
0.03529412
0.0
0.0
0.050980393
0.0
0.0
0.4745098
0.0
0.0
0.96862745
0.0
0.0
0.99607843
0.0
0.0
0.99607843
0.0
0.0
0.99607843
0.0
0.0
0.99607843
0.0
0.0
0.99607843
0.0
0.0
0.99607843
0.0
0.0
0.99607843
0.0
0.0
0.99607843
0.0
0.0
0.99607843
0.0
0.0
0.99607843
0.0
0.0
0.99607843
0.0
0.0
0.99607843
0.0
0.0
0.99607843
0.0
0.0
0.99607843
0.0
0.0
0.99607843
0.0
0.0
0.99607843
0.0
0.0
0.9921568
0.0
0.0
0.9921568
0.0
0.0
0.9882353
0.0
0.0
0.9921568
0.0
0.0
0.96862745
0.0
0.0
0.972549
0.0
0.0
0.9882353
0.0
0.0
0.9921568
0.0
0.0
0.97647053
0.0
0.0
0.9843137
0.0
0.0
0.9882353
0.0
0.0
0.99607843
0.0
0.0
0.9882353
0.0
0.0
0.9921568
0.0
0.0
0.99607843
0.0
0.0
0.99607843
0.0
0.0
0.99607843
0.0
0.0
0.99607843
0.0
0.0
0.99607843
0.0
0.0
0.99607843
0.0
0.0
0.99607843
0.0
0.0
0.99607843
0.0
0.0
0.99607843
0.0
0.0
0.99607843
0.0
0.0
0.99607843
0.0
0.0
0.99607843
0.0
0.0
0.99607843
0.0
0.0
0.99607843
0.0
0.0
0.99607843
0.0
0.0
0.99607843
0.0
0.0
0.99607843
0.0
0.0
0.9882353
0.0
0.0
0.9921568
0.0
0.0
0.9921568
0.0
0.0
0.9921568
0.0
0.0
0.9921568
0.0
0.0
0.9921568
0.0
0.0
1.0
0.0
0.0
0.9882353
0.0
0.0
0.99607843
0.0
0.0
0.99607843
0.0
0.0
0.99607843
0.0
0.0
0.99607843
0.0
0.0
0.99607843
0.0
0.0
0.99607843
0.0
0.0
0.99607843
0.0
0.0
0.99607843
0.0
0.0
0.99607843
0.0
0.0
0.99607843
0.0
0.0
0.99607843
0.0
0.0
0.99607843
0.0
0.0
0.99607843
0.0
0.0
0.99607843
0.0
0.0
0.99607843
0.0
0.0
0.99607843
0.0
0.0
0.99607843
0.0
0.0
0.99607843
0.0
0.0
0.99607843
0.0
0.0
0.99607843
0.0
0.0
0.99607843
0.0
0.0
0.99607843
0.0
0.0
0.99607843
0.0
0.0
0.99607843
0.0
0.0
0.99607843
0.0
0.0
0.99607843
0.0
0.0
0.99607843
0.0
0.0
0.99607843
0.0
0.0
0.99607843
0.0
0.0
0.99607843
0.0
0.0
0.99607843
0.0
0.0
0.99607843
0.0
0.0
0.99607843
0.0
0.0
0.99607843
0.0
0.0
0.99607843
0.0
0.0
0.99607843
0.0
0.0
0.99607843
0.0
0.0
0.99607843
0.0
0.0
0.99607843
0.0
0.0
